height: 1080
width: 1920
distortion_model: "plumb_bob"
D: [0.03935105917328938, -0.1075168951977639, 0.002113626255409156, -0.005764464923531573, 0.0]
K: [1450.761497793708, 0.0, 945.7879542471554, 0.0, 1449.030234635351, 508.930735191094, 0.0, 0.0, 1.0]
R: [1.0, 0.0, 0.0, 0.0, 1.0, 0.0, 0.0, 0.0, 1.0]
P: [1443.789306640625, 0.0, 932.9110766509984, 0.0, 0.0, 1458.048950195312, 509.924871436262, 0.0, 0.0, 0.0, 1.0, 0.0]
binning_x: 0
binning_y: 0
roi: 
  x_offset: 0
  y_offset: 0
  height: 0
  width: 0
  do_rectify: False

